0
48
0
48
0
48
0
48
0
48
0
48
0
48
0
48
0
48
0
16
0
16
0
16
0
16
0
16
0
16
0
16
0
16
0
16
0
11
0
11
0
11
0
11
0
11
0
11
0
11
0
11
0
11
0
12
0
12
0
12
0
12
0
12
0
12
0
12
0
12
0
12
0
11
0
11
0
11
0
11
0
11
0
11
0
11
0
11
0
11
0
2
0
2
0
2
0
2
0
2
0
2
0
2
0
2
0
2
0
-5
0
-5
0
-5
0
-5
0
-5
0
-5
0
-5
0
-5
0
-5
0
-1
0
-1
0
-1
0
-1
0
-1
0
-1
0
-1
0
-1
0
-1
0
14
0
14
0
14
0
14
0
14
0
14
0
14
0
14
0
14
0
10
0
10
0
10
0
10
0
10
0
10
0
10
0
48
0
48
0
48
0
48
0
48
0
48
0
48
0
48
0
48
0
-1
0
-1
0
-1
0
-1
0
-1
0
-1
0
-1
0
-1
0
-1
0
11
0
11
0
11
0
11
0
11
0
11
0
11
0
11
0
11
0
8
0
8
0
8
0
8
0
8
0
8
0
8
0
8
0
8
0
-4
0
-4
0
-4
0
-4
0
-4
0
-4
0
-4
0
-4
0
-4
3
-6
3
-6
3
-6
3
-6
3
-6
3
-6
3
-6
3
-6
3
-6
0
10
0
10
0
10
0
10
0
10
0
10
0
10
0
48
0
48
0
48
0
48
0
48
0
48
0
48
0
48
0
48
0
-1
0
-1
0
-1
0
-1
0
-1
0
-1
0
-1
0
-1
0
-1
0
11
0
11
0
11
0
11
0
11
0
11
0
11
0
11
0
11
0
8
0
8
0
8
0
8
0
8
0
8
0
8
0
8
0
8
0
-4
0
-4
0
-4
0
-4
0
-4
0
-4
0
-4
0
-4
0
-4
3
-6
3
-6
3
-6
3
-6
3
-6
3
-6
3
-6
3
-6
3
-6
0
10
0
10
0
10
0
10
0
10
0
10
0
10
0
57
0
57
0
57
0
57
0
57
0
57
0
57
0
57
0
57
1
12
1
12
1
12
1
12
1
12
1
12
1
12
1
12
1
12
0
9
0
9
0
9
0
9
0
9
0
9
0
9
0
9
0
9
5
7
5
7
5
7
5
7
5
7
5
7
5
7
0
57
0
57
0
57
0
57
0
57
0
57
0
57
0
57
0
57
1
12
1
12
1
12
1
12
1
12
1
12
1
12
1
12
1
12
0
9
0
9
0
9
0
9
0
9
0
9
0
9
0
9
0
9
5
7
5
7
5
7
5
7
5
7
5
7
5
7
